17001
17007
17011
17013
17015
17039
17043
17053
17057
17063
17071
17073
17075
17083
17085
17089
17091
17093
17095
17097
17103
17105
17107
17109
17111
17113
17115
17123
17131
17141
17143
17147
17155
17161
17175
17177
17179
17187
17195
17197
17201
17203
18001
18007
18009
18011
18015
18017
18023
18035
18041
18045
18049
18053
18057
18059
18063
18065
18067
18069
18073
18075
18081
18085
18089
18091
18095
18097
18099
18103
18107
18109
18111
18113
18121
18127
18131
18135
18139
18141
18145
18149
18157
18159
18161
18165
18169
18171
18177
18179
18181
18183
19001
19003
19005
19007
19009
19011
19013
19015
19017
19019
19021
19023
19025
19027
19029
19031
19033
19035
19037
19039
19041
19043
19045
19047
19049
19051
19053
19055
19057
19059
19061
19063
19065
19067
19069
19071
19073
19075
19077
19079
19081
19083
19085
19087
19089
19091
19093
19095
19097
19099
19101
19103
19105
19107
19109
19111
19113
19115
19117
19119
19121
19123
19125
19127
19129
19131
19133
19135
19137
19139
19141
19143
19145
19147
19149
19151
19153
19155
19157
19159
19161
19163
19165
19167
19169
19171
19173
19175
19177
19179
19181
19183
19185
19187
19189
19191
19193
19195
19197
20005
20011
20013
20027
20029
20041
20043
20045
20053
20059
20061
20085
20087
20089
20091
20103
20105
20107
20113
20117
20121
20123
20131
20139
20143
20149
20157
20161
20169
20177
20197
20201
27005
27011
27013
27015
27019
27023
27027
27029
27033
27037
27039
27041
27043
27045
27047
27049
27051
27055
27063
27067
27069
27073
27079
27081
27083
27085
27087
27089
27091
27099
27101
27103
27105
27107
27109
27111
27113
27117
27119
27121
27125
27127
27129
27131
27133
27135
27139
27143
27147
27149
27151
27155
27157
27161
27165
27167
27169
27173
29001
29003
29005
29007
29019
29021
29025
29027
29033
29041
29047
29049
29061
29063
29075
29079
29081
29087
29089
29113
29115
29117
29121
29129
29137
29139
29147
29163
29165
29171
29175
29183
29189
29197
29199
29211
29219
29227
31021
31023
31025
31027
31029
31037
31043
31047
31051
31053
31057
31085
31087
31093
31097
31107
31109
31111
31121
31125
31127
31131
31133
31135
31141
31143
31147
31153
31155
31173
31177
38003
38005
38017
38019
38027
38031
38035
38039
38063
38067
38069
38071
38073
38077
38079
38081
38083
38091
38095
38097
38099
38103
46011
46027
46029
46037
46039
46051
46067
46077
46079
46083
46087
46091
46097
46099
46101
46109
46125
46127
46135
55001
55021
55023
55025
55039
55043
55045
55049
55055
55057
55059
55065
55081
55101
55103
55105
55111
55123
55133